 1 2 3 4 5 6 7 
 7 6 8 9 10 
 8 11 12 9 
 8 6 5 13 11 
 5 4 13 
 14 2 1 15 
 14 15 16 17 
 15 1 7 10 16 
 18 4 3 
 18 19 20 21 13 4 
 21 22 11 13 
 22 23 24 12 11 
 23 25 26 27 28 24 
 27 29 30 31 28 
 30 32 33 34 35 31 
 34 36 37 38 39 35 
 38 40 41 42 43 39 
 42 44 45 46 47 43 
 46 48 49 50 47 
 49 51 52 53 50 
 52 54 55 56 53 
 55 57 58 59 56 
 58 60 61 59 
 62 60 58 57 
 63 62 57 55 54 
 64 63 54 52 51 
 51 49 48 65 66 64 
 45 65 48 46 
 44 67 68 66 65 45 
 41 67 44 42 
 67 41 40 69 70 68 
 69 40 38 37 
 71 70 69 37 36 72 
 72 36 34 33 
 73 71 72 33 32 74 
 75 73 74 76 77 
 76 74 32 30 29 
 77 76 29 27 26 
 21 20 25 23 22 
 19 75 77 26 25 20 
