 5.30570147059 4.28054001268 0 
 9 0.325583870465 0 
 9 -1 0 
 6.10392816528 1.31685746778 0 
 4.6982175471 2.9873741961 0 
 4.51414003301 3.54633612928 0 
 4.80338007371 4.35401367346 0 
 3.54372364576 3.42860296421 0 
 0.11518249144 7 0 
 2.26323320024 7 0 
 3.55476623808 3.35618700954 0 
 -1 7 0 
 4.12190910695 2.90247271444 0 
 9 2.9588637819 0 
 6.39806562503 5.53968308766 0 
 5.93718107192 7 0 
 9 7 0 
 8.05352321454 -1 0 
 6.29362106351 -1 0 
 3.81920392588 2.23626158322 0 
 3.65203013038 2.83325037007 0 
 3.63079426012 2.85760464412 0 
 2.8680263585 2.59000599472 0 
 -1 6.61920011817 0 
 2.89639125917 2.21781099805 0 
 2.88691362541 2.19526151371 0 
 2.25368049512 2.08723953122 0 
 -1 5.47649004698 0 
 2.25878078786 1.70645376113 0 
 1.79278767884 1.63630035501 0 
 -1 4.54545418714 0 
 1.77495263375 1.31682857631 0 
 1.74938417134 1.28709290718 0 
 1.37383437407 1.28804236534 0 
 -1 3.760786505 0 
 1.34602671189 0.98477116091 0 
 1.31690931772 0.956253559291 0 
 1.03786892431 0.979124066836 0 
 -1 3.10190419633 0 
 1.00205180518 0.728281672376 0 
 0.950209138111 0.690625487407 0 
 0.760506278107 0.729353705713 0 
 -1 2.56321441208 0 
 0.716539424256 0.51742727848 0 
 0.641482996389 0.47579642423 0 
 0.586749535531 0.485388467838 0 
 -1 2.13825256735 0 
 0.502121643702 0.358227387498 0 
 0.423791684632 0.333667935668 0 
 -1 1.81678427057 0 
 0.412954018208 0.281517724541 0 
 0.302170505127 0.230510898067 0 
 -1 1.57205237162 0 
 0.299144600465 0.210564058154 0 
 0.199301508991 0.147485104407 0 
 -1 1.37789755709 0 
 0.206677998953 0.0940226442725 0 
 0.0414749618375 0.0973666582449 0 
 -1 1.17215024897 0 
 0.602849360198 -1 0 
 -1 -1 0 
 0.767153967597 -1 0 
 0.940050480336 -1 0 
 1.08561154212 -1 0 
 0.779838298416 0.0629677057192 0 
 1.35289231974 -1 0 
 0.950323602389 0.428211001301 0 
 1.73957505029 -1 0 
 1.32486298851 0.620871515803 0 
 2.25676263328 -1 0 
 2.92583932318 -1 0 
 1.75686130915 0.91465971326 0 
 3.74712818799 -1 0 
 2.32549856288 1.2218206023 0 
 4.92396604095 -1 0 
 2.28604840223 1.67423444386 0 
 2.96621202942 1.72427147725 0 
